hill_climbing.avg_dist_between_opt,hill_climbing.std_dist_between_opt,hill_climbing.avg_dist_local_to_global,hill_climbing.std_dist_local_to_global,hill_climbing.additional_function_eval,hill_climbing.costs_runtime,gradient.g_avg,gradient.g_std,gradient.additional_function_eval,gradient.costs_runtime,fitness_distance.fd_correlation,fitness_distance.fd_cov,fitness_distance.distance_mean,fitness_distance.distance_std,fitness_distance.fitness_mean,fitness_distance.fitness_std,fitness_distance.costs_runtime,ela_meta.lin_simple.adj_r2,ela_meta.lin_simple.intercept,ela_meta.lin_simple.coef.min,ela_meta.lin_simple.coef.max,ela_meta.lin_simple.coef.max_by_min,ela_meta.lin_w_interact.adj_r2,ela_meta.quad_simple.adj_r2,ela_meta.quad_simple.cond,ela_meta.quad_w_interact.adj_r2,ela_meta.costs_runtime,pca.expl_var.cov_x,pca.expl_var.cor_x,pca.expl_var.cov_init,pca.expl_var.cor_init,pca.expl_var_PC1.cov_x,pca.expl_var_PC1.cor_x,pca.expl_var_PC1.cov_init,pca.expl_var_PC1.cor_init,pca.costs_runtime,nbc.nn_nb.sd_ratio,nbc.nn_nb.mean_ratio,nbc.nn_nb.cor,nbc.dist_ratio.coeff_var,nbc.nb_fitness.cor,nbc.costs_runtime,disp.ratio_mean_02,disp.ratio_mean_05,disp.ratio_mean_10,disp.ratio_mean_25,disp.ratio_median_02,disp.ratio_median_05,disp.ratio_median_10,disp.ratio_median_25,disp.diff_mean_02,disp.diff_mean_05,disp.diff_mean_10,disp.diff_mean_25,disp.diff_median_02,disp.diff_median_05,disp.diff_median_10,disp.diff_median_25,disp.costs_runtime,ic.h_max,ic.eps_s,ic_eps.max,ic.eps_ration,ic.m0,ic.costs_runtime,ela_distr.skewness,ela_distr.kurtosis,ela_distr.number_of_peaks,ela_distr.costs_runtime,cm_angle.dist_ctr2best_mean,cm_angle.dist_ctr2best_sd,cm_angle.dist_ctr2worst_mean,cm_angle.dist_ctr2worst_sd,cm_angle.angle_mean,cm_angle.angle_sd,cm_angle.y_ratio_best2worst_mean,cm_angle.y_ratio_best2worst_sd,cm_angle.costs_runtime,cm_conv.convex.hard,cm_conv.concave.hard,cm_conv.convex.soft,cm_conv.concave.soft,cm_conv.costs_runtime,cm_grad.mean,cm_grad.sd,cm_grad.costs_runtime,ela_conv.conv_prob,ela_conv.lin_prob,ela_conv.lin_dev_orig,ela_conv.lin_dev_abs,ela_conv.additional_function_eval,ela_conv.costs_runtime,ela_level.mmce_lda_10,ela_level.mmce_qda_10,ela_level.lda_qda_10,ela_level.mmce_lda_25,ela_level.mmce_qda_25,ela_level.lda_qda_25,ela_level.mmce_lda_50,ela_level.mmce_qda_50,ela_level.lda_qda_50,ela_level.costs_runtime,ela_curv.grad_norm.min,ela_curv.grad_norm.lq,ela_curv.grad_norm.mean,ela_curv.grad_norm.med,ela_curv.grad_norm.uq,ela_curv.grad_norm.max,ela_curv.grad_norm.sd,ela_curv.grad_norm.nas,ela_curv.grad_scale.min,ela_curv.grad_scale.lq,ela_curv.grad_scale.mean,ela_curv.grad_scale.med,ela_curv.grad_scale.uq,ela_curv.grad_scale.max,ela_curv.grad_scale.sd,ela_curv.grad_scale.nas,ela_curv.hessian_cond.min,ela_curv.hessian_cond.lq,ela_curv.hessian_cond.mean,ela_curv.hessian_cond.med,ela_curv.hessian_cond.uq,ela_curv.hessian_cond.max,ela_curv.hessian_cond.sd,ela_curv.hessian_cond.nas,ela_curv.costs_fun_evals:,ela_curv.costs_runtime,ela_local.n_loc_opt.abs,ela_local.n_loc_opt.rel,ela_local.best2mean_contr.orig,ela_local.best2mean_contr.ratio,ela_local.basin_sizes.avg_best,ela_local.basin_sizes.avg_non_best,ela_local.basin_sizes.avg_worst,ela_local.fun_evals.min,ela_local.fun_evals.lq,ela_local.fun_evals.mean,ela_local.fun_evals.median,ela_local.fun_evals.uq,ela_local.fun_evals.max,ela_local.fun_evals.sd,ela_local.additional_function_eval,ela_local.costs_runtime,length_scale.shanon_entropy,length_scale.mean,length_scale.std,length_scale.distribution.second_moment,length_scale.distribution.third_moment,length_scale.distribution.fourth_moment,length_scale.additional_function_eval,length_scale.costs_runtime,fla_metrics.sobol_indices.degree_of_variable_interaction,fla_metrics.sobol_indices.coeff_var_x_sensitivy,fla_metrics.fitness_variance,fla_metrics.state_variance,fla_metrics.fitness_skewness,fla_metrics.state_skewness,fla_metrics.additional_function_eval,fla_metrics.costs_runtime,lon.n_optima,lon.neutral_nodes_proportion,lon.n_funnels,lon.global_funnel_strength_norm,lon.additional_function_eval,lon.costs_runtime,fid,dim,iid,rep
1.559857482726631,4.986629134591696,0.9100513280190399,3.656473627379731,78534,2.072482,1.7876968254136738,4.200389659891312,5000,0.173974,0.38806335118631335,4367384.282654075,6.604647835411544,1.5250338371654333,8654987.163316295,7379710.025413261,0.056635,0.009977665749917541,8654976.060748374,5962.747581496798,235677.27897272576,39.52494646999041,0.016174488761173,0.9985553425054976,4097.170014355025,0.9985619996188169,0.090282,1.0,1.0,0.16666666666666666,1.0,0.2114812347999743,0.2114806926441549,0.9999999999992361,0.185059786565279,0.025602,0.7462281589956343,0.8496928129031414,0.5435996270137421,0.19889367941271127,-0.3477086231024029,2.193857,0.7376430444969165,0.8054174051559605,0.8164538392230459,0.8960033083124882,0.7292913119585117,0.8025754285080029,0.8123827861033573,0.8950930102997451,-2.306323187157302,-1.7105334579199631,-1.6135145557771047,-0.9142123980156436,-2.394115524314551,-1.745999490853798,-1.6592643836748815,-0.9277849723537308,0.350492,0.7550021822054822,6.83183183183183,742798.248256491,6.151151151151151,0.4855884707766213,2.233901,0.6494588991858069,-0.8286801041359455,2,0.028278,2.158077507594523,0.44904887263062715,2.364036138504618,0.3717056653158756,106.37193761705512,26.150590292199308,0.47485416149631426,0.28777555954270717,1.193557,0.425,0.26875,0.6328125,0.3671875,1.191886,0.4715916843154066,0.12733024268908688,0.927011,0.963,0.0,-3047653.8893833207,3054402.701699412,1000,0.196767,0.1,0.0692,1.4450867052023122,0.25,0.12400000000000003,2.016129032258064,0.4648,0.07,6.64,0.209847,6776.576404776849,381454.91022468155,4603842.090899826,1129789.4806220809,2937624.693227269,182851154.55949783,13196777.215763219,0.0,23292.735034379213,404902.84286111506,5932756.377493691,995336.1012787806,2474782.339712397,298716746.4768461,25027080.15401568,0.0,12079.434154952965,409206.83238865645,6953894.335963828,921938.4436995413,2375436.43642285,1131295865.7334552,54100489.2105583,0.0,451000,5.354532,225,0.9,1.0000037409943954,0.022632570236353847,0.008888888888888889,0.004920634920634921,0.0044444444444444444,294,493.5,577.464,582.0,652.5,912,115.46372674035376,144591,3.835101,14.954542985964366,837499.9145834801,925461.5771572958,856478856611.4741,1.9940162788761162e+18,9.830423798301731e+24,2500,1.196626,0.44465197410681456,0.23563616739071383,0.7283051196442771,0.08665783009434588,0.36070257994436455,0.14680263950366215,70000,1.880348,85,0.5945945945945946,9,,35973372,943.610328,2,5,2,0
1.540480743957089,2.416384078401146,0.9452813507283644,1.9489578056341392,78132,2.060461,1.963443203532195,4.528575243843486,5000,0.169096,0.1818395996763166,3194916.6709929155,9.112803366943082,2.380581595062663,8654957.68213398,7380537.602861922,0.050377,0.008994706428745669,8654953.385982329,-58591.81284572003,238964.21850574616,-4.07845749942864,0.008154206925596874,0.9985583859870386,1735.8368653683979,0.9985700129279068,0.081663,1.0,1.0,0.16666666666666666,1.0,0.21069216958695786,0.2106904269368127,0.9999999999992364,0.1842670557637205,0.024567,0.7469923450994723,0.8498252972620174,0.5249800239585414,0.19950998037303067,-0.3536076690176189,2.152331,0.7849431199470963,0.7931910504359821,0.8249485285034927,0.9038472265564651,0.7856423066106835,0.7835089865677782,0.8177076872485276,0.9034175801194159,-1.8902076973402613,-1.8177138450469323,-1.5385866230926473,-0.8451192653723707,-1.8948237555910739,-1.9136813269320463,-1.611380488386719,-0.8537443217856691,0.356221,0.7596003032059745,6.83183183183183,852964.4499741016,6.19119119119119,0.5,2.145565,0.6550315126550285,-0.8203064824469557,2,0.027072,2.197804945194691,0.4466137743729536,2.361094282661543,0.3686536107171488,106.6432691420017,23.75722822215439,0.47378351344036396,0.2843771774336799,1.185396,0.4171875,0.2984375,0.6,0.4,1.1876,0.4713922754686179,0.13639728495785136,0.923508,0.96,0.0,-2925032.1259528426,2934229.254291626,1000,0.196948,0.1,0.07,1.4285714285714286,0.25,0.11920000000000001,2.0973154362416104,0.4600000000000001,0.06799999999999999,6.764705882352943,0.210358,20757.06667770617,426253.3578721306,5517262.148809565,1019076.2522210466,2372949.3471370144,302032646.02195764,22137121.776484538,0.0,15772.846573383838,462225.4786204569,15563226.832876632,1001064.6552719404,3097387.239164922,1015898132.3091011,98841832.35923786,0.0,1329.043528817128,440423.07417555014,10390438.805228475,1082929.880197886,2761612.921801189,1879349107.0722096,107295200.71695893,0.0,451000,5.322663,225,0.9,1.000005040489358,0.032564150333719066,0.008888888888888889,0.004920634920634921,0.0044444444444444444,252,474.0,551.904,537.0,624.0,984,115.630030701371,138201,3.64735,14.954544317339503,1061931.6068180944,1020917.4085209935,1042272021360.6033,2.2461946888106025e+18,1.1765320521396336e+25,2500,1.295847,0.44465197410681456,0.23563616739071383,0.7283051196442771,0.08665783009434588,0.36070257994436455,0.14680263950366215,70000,1.868898,103,0.5,13,,35934948,950.129538,2,5,2,1
3.909136762954507,15.627773807139569,2.1687282100147374,11.356091250780324,78066,2.038507,2.0412779298362786,4.638572016916318,5000,0.169862,0.20416602480824195,3446806.1836881144,8.8687632350698,2.2843910121273674,8655093.016785547,7390314.9622123325,0.049258,0.008894309791775301,8655096.209960865,-20517.511957489514,238631.042081244,-11.630603290285226,0.011598381576020445,0.9985624181204417,5085.641824390954,0.9985659345337757,0.082209,1.0,1.0,0.16666666666666666,1.0,0.21800925123540218,0.21800947565125317,0.9999999999992382,0.18550183759724434,0.024691,0.7553440356286315,0.8535311400394895,0.5538803661411517,0.1942466681819892,-0.34788833775052547,2.183281,0.7371793536440009,0.79225363472321,0.827483712934447,0.8789600875861106,0.728438010056451,0.7871644718143701,0.8213357532985328,0.8756942082544934,-2.3098657758462817,-1.8258315161409477,-1.5162030563193518,-1.0637899079571032,-2.3999897645306127,-1.8809815367760478,-1.578985201353948,-1.0985802097086772,0.324991,0.7659701568022086,6.83183183183183,814537.1766280737,6.151151151151151,0.4955964771817454,2.117181,0.6515366747891219,-0.8256728433759033,3,0.027013,2.1903421062957644,0.4884682417717003,2.35892364536236,0.3753375083285753,106.01645529311449,26.576119148429214,0.46273173705922116,0.28164711220881894,1.17516,0.4109375,0.2625,0.59375,0.40625,1.198139,0.4690088198154949,0.12094916289838414,0.944551,0.96,0.0,-2792309.240233624,2802849.4962039813,1000,0.19787,0.1,0.0744,1.3440860215053765,0.25,0.12520000000000003,1.9968051118210857,0.4556,0.0696,6.545977011494253,0.210341,12431.473287938254,335495.7832633835,5341801.462470867,1010973.2077433466,2570421.4874705737,324296228.9959896,20219014.457048062,0.0,6218.421399897382,410542.49920829164,6194657.507758716,1010406.4153869702,3109083.0008727936,268227159.94396833,22179716.664010484,0.0,14447.60453367754,460576.86349146767,6414996.037026781,1047502.5058948606,2539053.043708004,1128257163.9565527,52063970.57347669,0.0,451000,5.286577,225,0.9,1.000027209316718,0.00509819696948017,0.008888888888888889,0.004920634920634921,0.0044444444444444444,234,504.0,574.008,567.0,654.0,1098,133.3021447056743,143727,3.796244,14.953428965839368,856431.3368923174,1081346.3465628922,1169309546895.8887,3.60681984530631e+18,1.9343257308346533e+25,2500,1.281251,0.44465197410681456,0.23563616739071383,0.7283051196442771,0.08665783009434588,0.36070257994436455,0.14680263950366215,70000,1.855246,96,0.5111111111111111,9,,35951304,948.26092,2,5,2,2
6.336531434820452,35.484385308392966,3.3890072986915936,25.46186806950734,79128,2.092748,1.8445375369151744,4.302932409207664,5000,0.168192,0.2416985105025312,3996962.1332452744,8.400792511156542,2.2417887630696427,8654968.294052204,7376687.2641303325,0.050999,0.009760263327182273,8654972.478618728,-91996.94151106157,234459.59295636672,-2.548558561897144,0.007858306461362874,0.9985432145221044,1200.3197128234208,0.9985541748430298,0.081979,1.0,1.0,0.16666666666666666,1.0,0.2051617736308208,0.20516091383523022,0.9999999999992357,0.1854222828836324,0.024412,0.7204427539970446,0.853819207199812,0.5459806254902354,0.19449891447564327,-0.3497813646815875,2.166911,0.8263903029673331,0.797143879492698,0.8344960967534062,0.894007992774195,0.8312738983389774,0.7874195004829124,0.8275810212330214,0.8930673205327692,-1.5258402523700125,-1.782884478229473,-1.4545991486321617,-0.9315543648705029,-1.491339401337802,-1.8789604676745828,-1.5239800720946892,-0.9451585534791436,0.368504,0.7614966810213372,6.81181181181181,646860.7661546321,6.151151151151151,0.5068054443554844,2.162389,0.6473585226230493,-0.8275189124755316,2,0.027142,2.223257406808013,0.425977709008551,2.3579948168717704,0.39802044451386864,105.38537914813595,24.96692796137125,0.47227742618285196,0.2853861075690457,1.194754,0.4125,0.28125,0.6171875,0.3828125,1.208788,0.46038873814745634,0.1252780256413651,0.930927,0.962,0.002,-2514908.515716025,2522199.464458017,1000,0.19736,0.1,0.06560000000000002,1.5243902439024386,0.25,0.12480000000000002,2.0032051282051277,0.45,0.0684,6.578947368421052,0.209297,13067.14294691927,400994.206863751,8383429.520370608,998267.626208487,2423329.249386783,1735976704.2293077,79977299.81064466,0.0,10993.186740490633,488734.68522560026,6733924.045379291,1053933.4941866228,2380934.147589914,359412871.43734145,30952106.21994191,0.0,24241.127787230333,558461.0392046338,5748123.440289728,1148824.330683502,2517181.827864562,438668603.7909169,29648976.87220325,0.0,451000,5.332121,225,0.9,1.0000309178775653,0.0057368915088312515,0.008888888888888889,0.004920634920634921,0.0044444444444444444,246,486.0,567.264,570.0,642.0,996,121.27397003161443,142041,3.76963,14.9523211137694,1004346.9004458115,1024955.0789320758,1050532577523.3878,2.582277877429562e+18,1.3173273210116753e+25,2500,1.279917,0.44465197410681456,0.23563616739071383,0.7283051196442771,0.08665783009434588,0.36070257994436455,0.14680263950366215,70000,1.833253,115,0.44387755102040816,7,,35991000,949.981658,2,5,2,3
1.5792820256553248,2.231610956319756,0.9967097883674945,1.842106037842433,78900,2.052429,1.9866320820706946,4.484749584659812,5000,0.168481,0.2092952219862789,3543649.8996806764,8.663184062392274,2.2929589530333288,8655141.821583914,7384059.954601074,0.049822,0.008074540831553012,8655142.008106578,-40973.71728345471,238208.5425597783,-5.81369127218456,0.010485149769341007,0.9985502543558951,4083.994156544495,0.9985661018672107,0.081674,1.0,1.0,0.16666666666666666,1.0,0.21574758966676855,0.2157458362767315,0.9999999999992372,0.18751664243710855,0.024198,0.7415369860784163,0.8464474369612708,0.5177601071505153,0.20536827296807453,-0.3364756245214469,2.130072,0.7926113130806681,0.8064009217188614,0.8271785817709993,0.8886977416124703,0.7854528927996871,0.803817136280985,0.8254181416041588,0.8867536308034795,-1.8223523751256527,-1.701181223375995,-1.5186051209471527,-0.9780279625776283,-1.8948688012577009,-1.7326767657392619,-1.5418978193493293,-1.000185994798092,0.323044,0.7624267748104068,6.83183183183183,777841.1071286482,6.17117117117117,0.49159327461969576,2.143239,0.6487391937513882,-0.8296608026040562,2,0.027163,2.1904081660062316,0.4509398891407543,2.380228285355939,0.34657325676157585,105.76778758797725,25.809547824379433,0.4762361082230902,0.28610954294045166,1.173179,0.4171875,0.26875,0.6171875,0.3828125,1.181827,0.47221903620831507,0.13025433743473366,0.93169,0.97,0.0,-2978967.353133249,2986931.1557208663,1000,0.195562,0.1,0.0784,1.2755102040816328,0.25,0.11920000000000001,2.0973154362416104,0.4539999999999999,0.06839999999999999,6.637426900584795,0.207817,4003.0765773957833,430349.6581609386,6498351.475102302,1056206.502561148,2764467.755566485,413536256.8920577,33579919.103911676,0.0,15452.01442247141,405436.31215789303,6022595.3438716335,997337.4140720812,2048956.1550532037,278871323.2415188,24943257.915260762,0.0,1028.9723430298102,456755.49840274436,3951365.651101286,1039738.6773699698,2528428.880606018,105178438.7629123,11407299.159452558,0.0,451000,5.293947,225,0.9,1.000027379211385,0.00505798847089283,0.0044444444444444444,0.0049404761904761904,0.0044444444444444444,234,504.0,575.304,582.0,648.0,894,119.62207718225591,144051,3.788825,14.952324359928225,1056247.438075676,1038344.2409188696,1078158417500.2991,2.404204285672992e+18,1.1754028801311304e+25,2500,1.279337,0.44465197410681456,0.23563616739071383,0.7283051196442771,0.08665783009434588,0.36070257994436455,0.14680263950366215,70000,1.849843,106,0.46153846153846156,9,,35947302,948.286026,2,5,2,4
3.1760626987896403,17.968029678246147,1.7684822731813903,12.878939715310848,79560,2.083755,1.853743672865534,4.321625857375308,5000,0.169178,0.36850489664461394,4705717.869338263,6.870961074176595,1.7250875919545667,8654992.8040398,7402381.623902382,0.050867,0.01447064133564635,8654992.346697642,22702.043471458972,237017.05420123687,10.440340073316083,0.013567808773227275,0.9985564882165858,5060.8430833205,0.9985688684142674,0.085638,1.0,1.0,0.16666666666666666,1.0,0.20976822262135206,0.20976724344730407,0.9999999999992432,0.1884207567426854,0.02662,0.741994842928029,0.8444459685522029,0.5314601619448966,0.20291693250844084,-0.350606131986298,2.154747,0.7799077726700792,0.8059100170040996,0.8335839416957974,0.8901442008393828,0.7660801446890476,0.8011360252735298,0.8304677199135918,0.8890910080849825,-1.9340477307839379,-1.7055545111023669,-1.4623714968670098,-0.9653514876813807,-2.066484043828467,-1.75679499338899,-1.4976742835562877,-0.9797871232641491,0.321597,0.7671642294568123,6.81181181181181,935343.1520292377,6.17117117117117,0.5040032025620497,2.120276,0.6490778298718107,-0.8283786772746384,2,0.027028,2.164210408221683,0.4479566325794592,2.3795654099041488,0.3767125836092806,106.85965485679229,26.490750026181683,0.4659536452436063,0.27864060408975794,1.195692,0.4171875,0.278125,0.596875,0.403125,1.185503,0.4634690062193107,0.14234673168925407,0.921278,0.967,0.0,-2888626.84827902,2895469.1679068315,1000,0.197516,0.1,0.06599999999999999,1.5151515151515156,0.25,0.12279999999999998,2.0358306188925086,0.4524,0.06760000000000001,6.692307692307692,0.209253,12420.787299026837,463289.04683060164,3748380.6827596445,1042275.1169083123,2690210.219846593,380156803.92986345,17887395.991711535,0.0,14657.838473687785,327068.1843968051,5767220.307928463,939415.6587580945,2760235.694073581,652268114.9029672,34157523.80081974,0.0,5482.4845142328,428482.160756544,3747091.6739104316,957613.4379712346,2356465.5403887457,112662201.20694898,11199699.480959566,0.0,451000,5.293625,225,0.9,1.0000112761642617,0.010702937668469132,0.03111111111111111,0.004821428571428572,0.0044444444444444444,192,498.0,566.496,567.0,648.0,858,118.74326015115679,141849,3.745898,14.953434961367469,1236309.3073039926,1137311.7620490675,1293477630016.417,2.139711321566212e+18,1.1643405671003478e+25,2500,1.287961,0.44465197410681456,0.23563616739071383,0.7283051196442771,0.08665783009434588,0.36070257994436455,0.14680263950366215,70000,1.839711,87,0.5380116959064327,10,,35878416,945.364335,2,5,2,5
2.6411377156079276,14.34821247795198,1.4565567793426164,10.294100274104542,79032,2.070677,1.9391578546047559,4.446049717203337,5000,0.168891,0.21193258013597813,3472205.5049649687,8.437731309620396,2.2189104272691025,8654843.339603504,7383595.982965549,0.051015,0.010004970191923368,8654847.071299432,-17972.238071533535,241553.27909152937,-13.440356071964615,0.009322475666042052,0.9985509661727108,4342.636109066231,0.9985694114530206,0.081211,1.0,1.0,0.16666666666666666,1.0,0.2118684299408419,0.2118667557786793,0.9999999999992377,0.18400916823871613,0.024109,0.7258299014458485,0.8494677085329005,0.5257672020511155,0.1975471123487449,-0.33765495598493983,2.15543,0.7681375775329679,0.8110388748878634,0.8239967709772483,0.8923679892595048,0.7668127586943455,0.8095511525697004,0.8216776328741132,0.8894350531438822,-2.0375421577778328,-1.6605375485191187,-1.5466671797146159,-0.9458400247730427,-2.0593761931965284,-1.681935170310565,-1.5748410398326431,-0.9764463016185054,0.337949,0.7648980665059872,6.81181181181181,742798.248256491,6.17117117117117,0.5076060848678943,2.16939,0.6503549738915464,-0.8221007567210816,2,0.028341,2.208661148234796,0.47236304319675754,2.3187195663753504,0.4071994941398293,105.12991930662396,24.962513177657268,0.46475736966471104,0.2844933912097823,1.173842,0.4171875,0.2875,0.6078125,0.3921875,1.182255,0.4778811707879217,0.1261875727156526,0.919352,0.967,0.0,-2768561.7297689607,2776938.014334398,1000,0.193682,0.1,0.07120000000000001,1.4044943820224718,0.25,0.1268,1.971608832807571,0.46159999999999995,0.0656,7.036585365853657,0.207984,9619.908951255655,403539.6956217771,2783051.977210621,975510.8289029242,1879435.7013562426,151409396.60437328,8575747.944573622,0.0,7624.816299836757,427366.93116060016,13524281.207742998,991724.8161499625,2518364.1105904668,3051332666.8207674,169452685.76571468,0.0,2052.3367241857186,517449.9760924131,6697608.067395388,1007862.451801612,2342639.8336254507,523799298.5888987,37341475.75857217,0.0,451000,5.294658,225,0.9,1.0000269198585694,0.005002502913085201,0.0044444444444444444,0.00494047619047619,0.0044444444444444444,246,492.0,569.592,558.0,648.0,936,128.16659565176823,142623,3.752052,14.952324803720224,1174453.6343925223,1202416.8930349534,1445805921812.3542,3.4807481448846244e+18,1.8463385584900644e+25,2500,1.274915,0.44465197410681456,0.23563616739071383,0.7283051196442771,0.08665783009434588,0.36070257994436455,0.14680263950366215,70000,1.839574,113,0.5144230769230769,17,,35942292,947.152561,2,5,2,6
2.5448816137254378,12.305135345508123,1.4522736769845281,8.855407067745544,78522,2.071081,2.021756612615479,4.5982909504210365,5000,0.172661,0.2752773057395653,4273006.609187702,7.778821052250115,2.1019258927272806,8654964.37067337,7384919.327169026,0.051329,0.008396864458552478,8654973.662883483,36450.651846428256,239040.84792364977,6.557930676542154,0.008735197232556224,0.9985622533726122,5199.714191708616,0.9985700111565021,0.081674,1.0,1.0,0.16666666666666666,1.0,0.2127634274441467,0.21276309963970713,0.999999999999237,0.18312513620580673,0.024542,0.7438620519002005,0.8537462033933192,0.5488205415096289,0.1936156146213833,-0.3503734821939423,2.155222,0.7897329164564676,0.80597221613032,0.827716867108437,0.8821011920779216,0.791767002671644,0.8007915040826334,0.8257360481721705,0.880221440681024,-1.848000582718262,-1.7052762211374226,-1.5141662908460942,-1.0361919805516369,-1.840305464067998,-1.7605494241021287,-1.5400964633531986,-1.0585696792584542,0.324195,0.7687412576127749,6.83183183183183,777841.1071286482,6.19119119119119,0.5132105684547638,2.166314,0.6474523241318243,-0.8323903442267695,2,0.027183,2.261406004049566,0.4269612797027551,2.3812038423615753,0.37694987260184587,106.17842594604667,25.393557048189873,0.4600892730469554,0.2831552792762507,1.173597,0.4265625,0.271875,0.6390625,0.3609375,1.188896,0.47115028816801263,0.128590740868718,0.921839,0.97,0.002,-2680392.606266556,2687763.3389233565,1000,0.196874,0.1,0.07320000000000002,1.3661202185792347,0.25,0.11839999999999999,2.111486486486487,0.45999999999999996,0.072,6.388888888888889,0.209111,4562.6548492890615,411614.28345795436,21863968.015370067,993897.7785749607,2800086.5833994756,4056551730.0379357,257490406.00772595,0.0,13958.916062730874,435621.5498139001,4183520.3986147386,998785.4856047241,2333673.8002886306,261160718.42731264,17018668.42832899,0.0,17975.94468266348,400581.48520290706,5852530.41722138,992838.2566424822,2371947.2711718506,494014550.8843866,34749991.369415894,0.0,451000,5.303297,225,0.9,1.0000069381265888,0.013103866799462262,0.013333333333333334,0.00490079365079365,0.0044444444444444444,216,492.0,564.216,564.0,646.5,1020,124.90498133159376,141279,3.759047,14.948999387550336,1115322.9446508593,1065711.9844551545,1135741670227.6445,2.5054345005656996e+18,1.3073140107101032e+25,2500,1.277358,0.44465197410681456,0.23563616739071383,0.7283051196442771,0.08665783009434588,0.36070257994436455,0.14680263950366215,70000,1.849251,111,0.47474747474747475,12,,35911674,945.527212,2,5,2,7
7.494387161424025,28.0084787575722,4.01556005085678,20.465311227464323,78990,1.982817,2.070417697930414,4.657658062938406,5000,0.159986,0.25707047922315884,4050621.039604885,7.899527669742843,2.1372896890529876,8655061.645898096,7372351.212115869,0.049309,0.007069351925081846,8655064.810629718,-43286.191214570834,235144.00180529174,-5.43230982461997,0.009920022367504777,0.998547472204025,7702.943497742132,0.9985508683890534,0.077695,1.0,1.0,0.16666666666666666,1.0,0.20981289000118233,0.20981081022894849,0.9999999999992351,0.18507726989844442,0.023057,0.7380235083302552,0.8494960494730401,0.5412173189176015,0.19793462883701787,-0.3416109821841763,2.08256,0.7849042579131066,0.8015717873118444,0.8171067727945202,0.8829863594968086,0.7970414810888806,0.7936696084401819,0.812537120558791,0.8797284519360179,-1.8901996228818936,-1.7437301601291626,-1.60721316813326,-1.0282822756287704,-1.7928784155250383,-1.822664589193356,-1.6559942990592171,-1.0624449945859453,0.330704,0.76728490294028,6.83183183183183,814537.1766280737,6.19119119119119,0.5168134507606085,2.054273,0.648808265331099,-0.8309093679237001,2,0.025879,2.253026269216018,0.4228998973671769,2.400994088270809,0.3539929093029538,109.10367732581493,24.84828154215547,0.4694056528214302,0.2837152034000594,1.119522,0.415625,0.2515625,0.61875,0.38125,1.129151,0.47231970457780487,0.1347652614779714,0.875985,0.976,0.001,-2899135.0265449467,2903124.8717149002,1000,0.187823,0.1,0.076,1.3157894736842106,0.25,0.12360000000000002,2.0226537216828477,0.4464,0.07,6.377142857142857,0.199917,2202.4974943645957,472336.36060026364,5856333.424682078,1128496.450551364,2516755.044531999,957985244.9940214,44760198.628307395,0.0,4275.258212375265,377274.3050093821,3749727.2165686176,957584.4841379419,2548236.5941953585,150223046.0387923,10614663.757502522,0.0,9203.258986348148,431563.9432756658,4895880.55696658,1120896.3659005282,2804077.195815471,235859347.32523426,17487419.581672955,0.0,451000,5.084499,225,0.9,1.0000533390516073,0.0098899338966851,0.013333333333333334,0.004900793650793651,0.0044444444444444444,210,492.0,554.808,558.0,630.0,846,123.9857613278565,138927,3.536361,14.952326492268993,968940.3588661383,976197.5148861284,952961282999.9215,1.8951629343817224e+18,8.834478193778323e+24,2500,1.246545,0.44465197410681456,0.23563616739071383,0.7283051196442771,0.08665783009434588,0.36070257994436455,0.14680263950366215,70000,1.77908,105,0.5990783410138248,18,,35989380,938.010434,2,5,2,8
2.7451642764821456,8.970571368906745,1.5670837009070266,6.593054540195491,79218,1.984565,1.9165006160733848,4.488170171883807,5000,0.163503,0.26118988477913757,4048377.454950371,7.76583530406261,2.098122127060585,8654985.516204743,7387438.525424303,0.047506,0.010487948058278906,8654989.494480513,-41304.09940171487,238365.17503257905,-5.770981052371828,0.01281898217834554,0.998548029860115,4431.28078415165,0.998556547874308,0.082083,1.0,1.0,0.16666666666666666,1.0,0.21027051298727964,0.21026957578384628,0.9999999999992379,0.1861719346396604,0.024418,0.7599306317597244,0.8537192946513096,0.5431430647459613,0.1965796949763169,-0.34296164334265133,2.039527,0.7507676158453005,0.7753960929248472,0.8128506203966602,0.8840714374671566,0.7322263996530635,0.7637093312710651,0.8046932231703211,0.8804837828074625,-2.190166780888558,-1.9737403620407674,-1.6446031107126036,-1.018739548942392,-2.3650667063414366,-2.0869988412072793,-1.725015292038722,-1.055607519873929,0.344217,0.7529473583171661,6.81181181181181,814537.1766280737,6.17117117117117,0.4983987189751801,2.039368,0.6456943575215996,-0.8347976742836094,2,0.02577,2.205583679121593,0.4222104369153556,2.353819113439945,0.348320728919023,104.3319446253756,23.942151325921092,0.4684406801990942,0.28280608598782553,1.12074,0.4234375,0.2546875,0.61875,0.38125,1.130683,0.46486050186419703,0.12426816591663947,0.880421,0.966,0.0,-2841429.8938169223,2848374.5139511283,1000,0.186537,0.1,0.076,1.3157894736842106,0.25,0.12279999999999998,2.0358306188925086,0.45919999999999994,0.07160000000000001,6.413407821229049,0.200473,1669.8995690856661,388760.046765916,3266552.69073875,905639.5637427416,2009979.081232078,96594318.58105591,9535084.448998805,0.0,7459.062653433805,411429.1982691047,4627366.877253524,1019713.2824690973,2391353.2657975997,666715892.2395653,30872601.147121582,0.0,4872.236456198914,485256.6547076193,5365720.564779804,1027058.9773445089,2349272.104533905,535301096.6049211,28054392.29561434,0.0,451000,5.083145,225,0.9,1.000026164766807,0.009539892917231849,0.008888888888888889,0.004920634920634921,0.0044444444444444444,258,498.0,573.192,582.0,648.0,948,122.67161217549453,143523,3.647822,14.95343407378376,1015807.2146747481,1083623.9341093244,1174240454667.0205,2.5405344549594184e+18,1.110760967727936e+25,2500,1.263105,0.44465197410681456,0.23563616739071383,0.7283051196442771,0.08665783009434588,0.36070257994436455,0.14680263950366215,70000,1.809009,101,0.5615763546798029,15,,35911554,909.136552,2,5,2,9
